# Per-minute movement (VMC) recorded by the watch itself, 2026-07-31 21:50 -> 2026-08-01 08:30.
# 640 values, one per minute, oldest first. Read back from the firmware health
# history the morning after and dumped to pebble logs; this is the night the alarm
# rang early at 07:22. Used to draw night.svg -- see make_diagrams.py.
2140 4931 2250 589 1716 664 830 369 1142 730 735 579 753 2488 177 4769
144 28 0 1496 1356 377 799 1225 1336 1282 920 1219 1631 4729 1882 2502
3247 2903 2646 506 1 3097 3 5 19 36 1568 866 2313 1544 687 1625
866 1951 1652 1716 2851 2891 5528 308 325 119 55 57 0 46 117 0
90 61 2244 531 0 741 1252 6235 5627 5162 4889 5798 1498 575 1714 924
3623 3700 4554 0 1192 8239 2787 2519 518 570 531 1864 620 1244 46 312
928 414 1281 80 464 601 535 0 498 760 562 296 208 550 21 566
302 1090 0 593 389 1556 1527 275 267 1275 805 1215 223 0 0 5684
1265 129 562 57 206 248 1327 1566 3365 13 1001 547 2633 5457 5592 1957
3390 0 0 0 0 0 0 0 0 0 0 0 0 0 0 0
0 0 1830 0 880 314 0 0 533 88 0 0 2837 0 0 0
0 0 0 0 0 0 0 0 0 0 0 0 0 0 0 13
15 791 0 0 0 0 0 0 0 0 0 0 0 0 0 0
0 0 0 0 0 0 0 0 0 0 0 0 0 0 0 0
0 2644 19 0 0 0 0 0 0 0 0 0 552 676 0 612
0 523 0 0 0 0 0 0 0 2138 0 0 0 0 0 0
0 0 0 0 0 0 0 1086 1539 0 0 801 0 0 0 0
396 0 0 0 0 0 0 0 0 0 0 0 0 0 0 0
0 0 0 0 0 0 1051 797 0 2577 0 0 0 0 0 0
0 0 0 0 1200 0 0 0 2787 2354 3438 6110 238 0 0 0
0 0 647 2935 315 0 0 0 0 0 0 0 0 1616 2327 0
0 0 0 0 0 0 0 21 0 1180 776 0 604 0 0 0
0 0 0 0 0 0 0 0 645 387 28 0 231 1953 348 759
0 1498 1446 1704 252 1858 0 0 0 0 0 0 0 0 0 0
0 0 0 1215 0 0 0 0 0 0 1136 163 0 0 0 0
0 0 0 0 0 0 0 0 0 0 0 0 0 1880 0 0
0 0 0 0 0 0 1119 1489 0 926 0 0 0 0 0 0
0 0 0 1760 0 0 0 0 0 0 0 0 423 0 893 0
421 654 0 0 0 656 0 0 547 0 999 1142 0 0 0 0
0 0 0 0 0 0 0 0 0 0 0 0 0 0 0 0
0 0 0 0 0 0 0 0 304 0 0 0 945 0 0 2103
0 0 0 0 0 0 0 1153 0 0 0 0 0 0 0 0
0 0 0 0 0 0 0 760 0 0 0 0 0 0 0 0
0 0 0 0 0 0 0 0 0 1812 0 587 3016 0 0 0
0 0 0 0 0 0 0 0 0 0 0 0 0 0 0 19
0 0 0 0 955 0 0 0 0 0 0 1142 5314 7283 9187 9202
6189 5784 63 2920 1550 3654 882 1683 2090 2201 1450 0 364 1022 0 398
1063 446 385 0 0 0 0 0 701 350 733 493 1787 21 290 1271
495 3444 760 0 1005 244 38 44 0 0 487 258 273 408 1591 0
0 23 647 13 0 0 1 1581 3812 1845 943 0 1891 3024 36 2799
